[ 5713.844485] [Project1] 3771 1588148140.540865674 1588148141.250112572
[ 5715.211112] [Project1] 3772 1588148141.943737865 1588148142.616780625
[ 5716.576203] [Project1] 3773 1588148143.289618414 1588148143.981937247
[ 5717.970202] [Project1] 3774 1588148144.692473253 1588148145.375914407
[ 5719.376604] [Project1] 3775 1588148146.58493433 1588148146.782460769
[ 5720.815905] [Project1] 3776 1588148147.532371121 1588148148.221829660
[ 5722.159060] [Project1] 3777 1588148148.905152191 1588148149.565042983
[ 5723.527523] [Project1] 3778 1588148150.248855128 1588148150.933531345
[ 5724.890312] [Project1] 3779 1588148151.619241182 1588148152.296392237
[ 5726.280932] [Project1] 3780 1588148153.11616300 1588148153.686970759
